start,finish,counter
1586789433636,1586789446970,0
1586789463762,1586789464634,1
1586789524014,1586789525263,2
1586789584277,1586789586078,3
1586789644534,1586789655112,4
1586789674677,1586789676454,5
1586789765041,1586789767023,6
1586789825300,1586789828458,7
1586789885514,1586789889767,8
1586789945794,1586789947515,9
1586790006061,1586790007330,10
1586790066278,1586790067313,11
1586790126536,1586790131206,12
1586790186768,1586790187557,13
1586790307159,1586790308499,14
